ensemble_orig,size,average_degree,average_weight,average_weight_out,volume,normalized_cut_size,internal_density,cut_size,conductance,edge_expantion,modularity,average_degree_p,average_weight_p,normalized_cut_size_p,conductance_p,edge_expantion_p,ensemble,session_name,block,bin_width,ensemble_id
0,7,0.31423340595643534,0.05499084604237618,0.03579189715050482,2.879679887554639,0.6330375273138044,0.052372234326072555,0.6800460458595916,0.39688417957588207,0.0971494351227988,0.1429817566379569,0.0,0.8214285714285714,1.0,1.0,0.6071428571428571,-1,hamilton_04,pre,0.05,-1
1,2,0.020282380831000594,0.020282380831000594,0.007410500118591334,0.047975261780592526,0.15609544047955923,0.020282380831000594,0.007410500118591334,0.1544650272567999,0.003705250059295667,0.1429817566379569,1.0,1.0,0.0,0.0,0.0,-1,hamilton_04,pre,0.05,-1
2,2,0.05774952146875133,0.05774952146875133,0.021046624711865115,0.3259652900561538,0.6949928604573805,0.05774952146875133,0.21046624711865114,0.6456707310229082,0.10523312355932557,0.1429817566379569,1.0,0.8214285714285714,1.0,1.0,0.6071428571428571,-1,hamilton_04,pre,0.05,-1
3,1,0.0,,0.008180376209409082,0.024541128628227243,1.0053716944777042,,0.024541128628227243,1.0,0.024541128628227243,0.1429817566379569,1.0,0.0,1.0,1.0,0.0,-1,hamilton_04,pre,0.05,-1
4,4,0.12667324618439632,0.05066929847375853,0.03848988337468528,1.3149805356059763,0.8612437691426394,0.04222441539479877,0.8082875508683909,0.614676437393738,0.20207188771709772,0.1429817566379569,1.0,0.8214285714285714,1.0,1.0,0.9428571428571428,-1,hamilton_04,pre,0.05,-1
0,3,0.45536031794983584,0.22768015897491792,0.019345561445361963,1.8497199899835568,0.5032060626130647,0.22768015897491792,0.48363903613404907,0.2614660806787023,0.16121301204468302,0.3505005788541924,0.4166666666666667,0.5,0.3333333333333333,0.3055555555555556,0.8888888888888888,-1,hamilton_09,pre,0.05,-1
1,6,0.10104410612632973,0.02331787064453763,0.013988897164229346,0.914020374371024,0.44151422454434813,0.020208821225265947,0.3077557376130456,0.33670555519599366,0.0512926229355076,0.3505005788541924,0.6944444444444444,0.8333333333333334,0.3333333333333333,0.3055555555555556,0.041666666666666664,-1,hamilton_09,pre,0.05,-1
2,6,0.13157659053496598,0.032894147633741495,0.01564095330808323,1.0866376560633773,0.38101159967519405,0.026315318106993193,0.2971781128535814,0.273484092139955,0.049529685475596906,0.3505005788541924,0.6944444444444444,0.8333333333333334,0.3333333333333333,0.3055555555555556,0.0,-1,hamilton_09,pre,0.05,-1
0,15,0.19968083615881208,0.016278329034685766,0.01229372972608116,7.248843027606262,0.8973149214940501,0.014262916868486577,4.2536304852240825,0.5868012962930349,0.2835753656816055,0.07430444368695635,0.0660377358490566,1.0,1.0,0.33018867924528306,0.6226415094339622,-1,hamilton_31,pre,0.05,-1
1,1,0.0,,0.004348176835850763,0.03043723785095534,1.0014551367636695,,0.03043723785095534,1.0,0.03043723785095534,0.07430444368695635,1.0,0.0,1.0,1.0,0.0,-1,hamilton_31,pre,0.05,-1
2,20,0.24445967858688364,0.01597775677038455,0.012006722797340361,9.57181546270041,0.9008424095778322,0.012866298872993877,4.682621890962742,0.489209378221932,0.2341310945481371,0.07430444368695635,0.0,1.0,1.0,0.0,0.29056603773584905,-1,hamilton_31,pre,0.05,-1
3,7,0.0678702679313788,0.013196996542212545,0.010086567596113103,2.230154637243331,0.8807355627930172,0.011311711321896466,1.75506276172368,0.7869690883377904,0.2507232516748114,0.07430444368695635,1.0,1.0,1.0,1.0,0.4402515723270441,-1,hamilton_31,pre,0.05,-1
4,3,0.012562208028356081,0.009421656021267062,0.007882283109478527,0.5263881768727368,0.9523364123944527,0.006281104014178041,0.48870155278766864,0.9284052610965472,0.16290051759588955,0.07430444368695635,1.0,1.0,1.0,1.0,0.0,-1,hamilton_31,pre,0.05,-1
5,3,0.09484265872629001,0.047421329363145005,0.008716191230784084,0.8249318324874833,0.6819446696194151,0.047421329363145005,0.5404038563086134,0.6550891055799002,0.18013461876953782,0.07430444368695635,1.0,0.33018867924528306,0.0,1.0,0.0,-1,hamilton_31,pre,0.05,-1
6,3,0.017614360604496244,0.013210770453372182,0.007832567460819563,0.5149645620018429,0.920001916922367,0.008807180302248122,0.4621214801883543,0.8973850130423159,0.1540404933961181,0.07430444368695635,1.0,1.0,1.0,1.0,0.0,-1,hamilton_31,pre,0.05,-1
0,11,0.48428410515547965,0.053271251567102766,0.035034936000754684,10.021806580811404,0.7195026210513431,0.04842841051554797,4.694681424101131,0.4684466205015335,0.4267892203728301,0.1609011749880464,0.1111111111111111,1.0,0.5277777777777778,0.1111111111111111,0.18518518518518517,-1,hamilton_38,pre,0.05,-1
1,14,0.7459423997040464,0.06609616199909273,0.03330076356827536,15.771315766780711,0.7492669867595543,0.057380184592618955,5.328122170924058,0.4114307370950376,0.3805801550660041,0.1609011749880464,0.0,1.0,0.6296296296296297,0.1111111111111111,0.1111111111111111,-1,hamilton_38,pre,0.05,-1
2,8,0.16333773061048928,0.04083443265262232,0.017627395113724922,2.9284221953466076,0.6166605267646845,0.023333961515784183,1.6217203504626931,0.5537863881238431,0.20271504380783664,0.1609011749880464,1.0,1.0,0.1111111111111111,0.2962962962962963,0.0,-1,hamilton_38,pre,0.05,-1
0,25,0.727820960315516,0.0328439061514222,0.012041701053162778,19.48398602057632,0.758583598376982,0.030325873346479834,1.2884620126884172,0.6924543160356931,0.11713291024440156,0.03343353791440673,0.0,1.0,0.2872340425531915,1.0,0.0,-1,hamilton_37,pre,0.05,-1
1,4,0.04523624405427571,0.022618122027137855,0.006858568215598544,0.27010636301988394,0.3343280725557969,0.015078748018091904,0.08916138680278107,0.3300973209439625,0.022290346700695268,0.03343353791440673,1.0,1.0,0.0,0.0,0.0,-1,hamilton_37,pre,0.05,-1
2,7,0.03494092442856792,0.012229323549998772,0.011807235798230953,1.590611351998304,0.9143701941375266,0.0058234874047613195,1.3460248809983284,0.8462311546483692,0.19228926871404692,0.03343353791440673,1.0,1.0,1.0,1.0,0.0,-1,hamilton_37,pre,0.05,-1
0,18,0.29889493396187505,0.019779811806300555,0.03000985184191379,19.904877102800025,0.8653098571924082,0.017582054938933826,14.52476829148628,0.7297090163617779,0.8069315717492378,0.04106611275130782,1.0,1.0,1.0,1.0,0.015625,-1,hamilton_35,pre,0.05,-1
1,2,0.0545974811207089,0.0545974811207089,0.0038194154052928987,0.16266677791551837,0.3291414681837859,0.0545974811207089,0.05347181567410058,0.3287199535105526,0.02673590783705029,0.04106611275130782,1.0,1.0,0.0,0.0,0.0,-1,hamilton_35,pre,0.05,-1
2,3,0.017091057494899028,0.012818293121174272,0.00737172765596346,0.3977443723149798,0.8738264165704112,0.008545528747449514,0.3464711998302825,0.8710901371494623,0.11549039994342751,0.04106611275130782,1.0,1.0,1.0,1.0,0.0,-1,hamilton_35,pre,0.05,-1
3,1,0.0,,0.00845618126764996,0.16066744408534928,1.0012665105343668,,0.16066744408534928,1.0,0.16066744408534928,0.04106611275130782,1.0,0.0,1.0,1.0,0.0,-1,hamilton_35,pre,0.05,-1
4,27,3.4041837442798246,0.13759425313705878,0.030808737285581533,106.39306761977859,0.8381333350666735,0.13093014401076247,14.480106524223313,0.7020332408765946,0.603337771842638,0.04106611275130782,0.0,1.0,1.0,1.0,0.0,4,hamilton_35,pre,0.05,6
0,13,0.5020377470720356,0.04729341095606133,0.010133188442402599,7.266213468231854,0.5714651383432333,0.04183647892266964,0.7397227562953897,0.46966207963466594,0.06724752329958089,0.1254824511155306,0.0,1.0,0.0,0.17777777777777778,0.0,-1,hamilton_36,pre,0.05,-1
1,11,0.07593525899336143,0.011601220123985774,0.010133188442402599,1.5750106052223651,0.5714651383432331,0.007593525899336143,0.7397227562953896,0.46966207963466583,0.06724752329958088,0.1254824511155306,0.9777777777777777,1.0,0.0,0.17777777777777778,0.0,-1,hamilton_36,pre,0.05,-1
0,9,0.3085406732133641,0.042073728165458735,0.01777929259493232,4.697029659172967,0.7061970698567556,0.03856758415167051,1.920163600252691,0.40880380572065306,0.21335151113918788,0.2315530555395617,0.38888888888888884,0.9074074074074073,1.0,0.25925925925925924,0.7777777777777778,-1,hamilton_32,pre,0.05,-1
1,4,0.03624917071918228,0.014499668287672912,0.008363359966720321,0.3540806820447372,0.6098585345586136,0.012083056906394093,0.20908399916800804,0.5904981823933304,0.05227099979200201,0.2315530555395617,1.0,1.0,0.691358024691358,1.0,0.0,-1,hamilton_32,pre,0.05,-1
2,5,0.102833618562068,0.025708404640517,0.015562756031598006,1.4790589667694165,0.7521023449545572,0.025708404640517,0.9648908739590766,0.6523680905478746,0.1929781747918153,0.2315530555395617,1.0,0.9506172839506173,1.0,1.0,0.7777777777777778,-1,hamilton_32,pre,0.05,-1
3,4,0.07538268993553518,0.02512756331184506,0.014050427431560018,1.2007581153619817,0.8392311125119328,0.02512756331184506,0.899227355619841,0.7488830132526392,0.22480683890496025,0.2315530555395617,1.0,0.9506172839506173,1.0,1.0,0.7777777777777778,-1,hamilton_32,pre,0.05,-1
4,4,0.13270329034141604,0.044234430113805345,0.010979216775541454,1.0468363498161126,0.5439926930228334,0.044234430113805345,0.5160231884504485,0.4929358715343551,0.12900579711261212,0.2315530555395617,1.0,0.9074074074074073,0.32407407407407407,0.7777777777777778,0.06481481481481481,-1,hamilton_32,pre,0.05,-1
5,2,0.2177102952361484,0.2177102952361484,0.014639197338416303,0.8745965106247858,0.5448721049003203,0.2177102952361484,0.4391759201524891,0.5021468926725478,0.21958796007624454,0.2315530555395617,1.0,0.8425925925925926,0.32407407407407407,0.7777777777777778,0.7777777777777778,-1,hamilton_32,pre,0.05,-1
6,3,0.18747975162652417,0.14060981371989312,0.022354239055306528,1.5013172952024463,0.722638766237743,0.09373987581326208,0.9388780403228739,0.6253694960573076,0.3129593467742913,0.2315530555395617,1.0,0.8425925925925926,1.0,1.0,0.9259259259259259,-1,hamilton_32,pre,0.05,-1
0,3,0.21486862503535706,0.1611514687765178,0.013973898413880182,0.7563970624171126,0.17016730844934763,0.10743431251767853,0.11179118731104146,0.14779431711937902,0.03726372910368048,0.4693250849936065,0.3181818181818182,0.2727272727272727,0.0,0.0,0.0,0,hamilton_04,base_shock,0.05,9
1,8,0.339202118382025,0.07537824852933889,0.012354426126985315,3.0101231741038483,0.2065995405316759,0.048457445483146434,0.2965062270476475,0.10809651926048783,0.03706327838095594,0.4693250849936065,0.20454545454545453,0.7727272727272727,0.0,0.0,0.0,-1,hamilton_04,base_shock,0.05,-1
2,5,0.34044536831247213,0.10638917759764754,0.015797374146692095,1.9865795762028182,0.2186316572202563,0.08511134207811803,0.28435273464045774,0.14313684588662406,0.05687054692809155,0.4693250849936065,0.20454545454545453,0.6818181818181818,0.0,0.0,0.11363636363636363,-1,hamilton_04,base_shock,0.05,-1
0,5,0.28873093604841604,0.07218273401210401,0.03520728848512953,3.098397239043168,0.7515942573617781,0.07218273401210401,1.6547425588010876,0.5340640438061122,0.3309485117602175,0.11911464488295456,0.9545454545454546,0.9545454545454546,0.5454545454545454,0.4545454545454546,0.48484848484848486,-1,hamilton_09,base_shock,0.05,-1
1,6,0.6487851250234633,0.14971964423618384,0.042412546064486724,5.928512961236143,0.7695735580917916,0.12975702500469266,2.0358022110953633,0.42618184681333937,0.3393003685158939,0.11911464488295456,0.0,0.6363636363636364,0.5454545454545454,0.4545454545454546,0.48484848484848486,-1,hamilton_09,base_shock,0.05,-1
2,4,0.09546415707716827,0.031821385692389424,0.035042850564140866,1.6784420991818851,0.9161289948127419,0.031821385692389424,1.296585470873212,0.7724934160702954,0.324146367718303,0.11911464488295456,1.0,1.0,1.0,0.9696969696969697,0.48484848484848486,-1,hamilton_09,base_shock,0.05,-1
0,17,0.12154802943878848,0.010762065106559396,0.009818453278464269,5.335861442188006,0.8432426530821882,0.00759675183992428,3.269544941728602,0.6127492209370233,0.19232617304285893,0.12173186193444685,0.7457627118644068,1.0,0.6610169491525424,0.3050847457627119,0.0,-1,hamilton_31,base_shock,0.05,-1
1,11,0.09274795045582246,0.013424045460711145,0.00935628596677683,3.078610367704949,0.7937965792322432,0.009274795045582247,2.0583829126909015,0.6686078024954455,0.18712571933553648,0.12173186193444685,0.8135593220338984,1.0,0.2033898305084746,0.3389830508474576,0.0,-1,hamilton_31,base_shock,0.05,-1
2,6,0.09352239363270694,0.023380598408176734,0.008864756335048986,1.704687929017561,0.7350150181021383,0.01870447872654139,1.143553567221319,0.6708286882047481,0.1905922612035532,0.12173186193444685,0.8135593220338984,0.847457627118644,0.0,0.3389830508474576,0.0,-1,hamilton_31,base_shock,0.05,-1
3,18,0.29719985247323455,0.019813323498215636,0.010834452669948674,9.401682643079027,0.8314326876948812,0.017482344263131444,4.052085298560804,0.43099575388706757,0.22511584992004463,0.12173186193444685,0.0,0.847457627118644,0.6610169491525424,0.0,0.11864406779661017,-1,hamilton_31,base_shock,0.05,-1
0,11,0.5010393062059078,0.05863225923686155,0.016859761246886946,7.0625304029785845,0.2763211615373196,0.05010393062059078,1.5510980347135996,0.2196235550447234,0.14100891224669088,0.328484913348766,0.4891304347826087,1.0,0.0,0.0,0.0,-1,hamilton_38,base_shock,0.05,-1
1,14,1.3060962542079977,0.10272667167928072,0.02601715844743393,21.693595315525815,0.42491949922238936,0.10046894263138445,3.4082477566138447,0.267811020565806,0.24344626832956034,0.328484913348766,0.0,0.9782608695652174,0.0,0.0,0.0,1,hamilton_38,base_shock,0.05,14
2,8,0.4454284293037339,0.07126854868859742,0.028772033747818174,5.663785898020599,0.4438804018192329,0.06363263275767626,2.100358463590727,0.37084001786239273,0.2625448079488409,0.328484913348766,0.5217391304347826,1.0,0.0,0.0,0.0,-1,hamilton_38,base_shock,0.05,-1
0,6,0.1356129522656953,0.029059918342648993,0.015926244810225778,2.3585234601860723,0.7693001322814684,0.027122590453139063,1.5448457465919003,0.655005461115923,0.25747429109865005,0.22751724163818435,0.9565217391304348,0.5507246376811594,0.1956521739130435,0.717391304347826,0.41304347826086957,-1,hamilton_37,base_shock,0.05,-1
1,15,0.2337826417658836,0.018456524349938178,0.012707318109787145,5.870300794908664,0.6388786354964804,0.01669876012613454,2.363561168420408,0.40263033377613877,0.15757074456136053,0.22751724163818435,0.043478260869565216,1.0,0.0,0.0,0.0,-1,hamilton_37,base_shock,0.05,-1
2,12,0.3547416426018261,0.03274538239401471,0.014688969475808684,6.636512766302919,0.6161436031227743,0.03224924023652964,2.379613055081006,0.35856377270357387,0.19830108792341716,0.22751724163818435,0.0,0.5507246376811594,0.0,0.0,0.02898550724637681,-1,hamilton_37,base_shock,0.05,-1
3,4,0.09856283854935724,0.03942513541974289,0.012064236375570445,1.0095274093515216,0.6508593743560085,0.032854279516452416,0.6152760551540928,0.6094693907809007,0.1538190137885232,0.22751724163818435,0.9565217391304348,0.43478260869565216,0.0,0.5507246376811594,0.0,-1,hamilton_37,base_shock,0.05,-1
0,22,1.1247190081118645,0.06312198514913525,0.01782834776012691,30.698486330343414,0.4815209634440811,0.05355804800532688,5.954668151882387,0.2875482675982734,0.27066673417647213,0.2363518001081939,0.0,1.0,0.0,0.0,0.0,-1,hamilton_35,base_shock,0.05,-1
1,3,0.17508923504457674,0.08754461752228837,0.01519575549702306,1.1179021695176297,0.5419154583535284,0.08754461752228837,0.5926344643838994,0.5301308831340928,0.1975448214612998,0.2363518001081939,1.0,1.0,0.0,0.4918032786885246,0.0,-1,hamilton_35,base_shock,0.05,-1
2,14,0.23686622480207328,0.020988146501449534,0.01570365664739536,8.07433511138982,0.6991070320145386,0.018220478830928716,4.7582079641607935,0.5893002827500644,0.3398719974400567,0.2363518001081939,1.0,1.0,0.6885245901639344,0.8065573770491803,0.0,-1,hamilton_35,base_shock,0.05,-1
3,8,0.2981269066620591,0.04258955809457987,0.019539090958080086,7.015779810361453,0.7643672354575446,0.04258955809457987,4.630764557064982,0.6600498707536269,0.5788455696331227,0.2363518001081939,1.0,1.0,0.9016393442622951,0.9344262295081968,0.3934426229508196,-1,hamilton_35,base_shock,0.05,-1
4,2,0.42753022030054216,0.42753022030054216,0.021338541088193507,2.242065611333662,0.6468395968103762,0.42753022030054216,1.387005170732578,0.6186282701635734,0.693502585366289,0.2363518001081939,1.0,0.19672131147540983,0.39344262295081966,0.8065573770491803,0.7049180327868853,-1,hamilton_35,base_shock,0.05,-1
5,2,0.5519684210213954,0.5519684210213954,0.019239883330972134,2.2583298419011193,0.5346589475544029,0.5519684210213954,1.1543929998583284,0.5111711223222074,0.5771964999291642,0.2363518001081939,0.6393442622950819,0.19672131147540983,0.0,0.4918032786885246,0.3934426229508196,-1,hamilton_35,base_shock,0.05,-1
0,12,0.32070315218362316,0.03700420986734114,0.013136955023065122,4.925668138094819,0.6460704673302357,0.029154832016693017,1.07723031189134,0.427373169483451,0.08976919265761167,0.14030005580610816,0.0,0.9333333333333333,0.4444444444444444,0.26666666666666666,0.0,-1,hamilton_36,base_shock,0.05,-1
1,9,0.11984395388928196,0.014980494236160245,0.012434942049334975,2.222610253542355,0.7337237923296764,0.014980494236160245,1.1440146685388182,0.5147167240480011,0.12711274094875757,0.14030005580610816,1.0,1.0,0.7111111111111111,0.5333333333333333,0.08888888888888889,-1,hamilton_36,base_shock,0.05,-1
2,1,0.0,,0.014039916021879064,0.07019958010939532,1.009517227814115,,0.07019958010939532,1.0,0.07019958010939532,0.14030005580610816,1.0,0.0,1.0,1.0,0.0,-1,hamilton_36,base_shock,0.05,-1
3,2,0.0235184099745523,0.0235184099745523,0.007858179969312264,0.22777495924328664,0.8185325942445539,0.0235184099745523,0.18073813929418206,0.7934943327160713,0.09036906964709103,0.14030005580610816,1.0,1.0,1.0,1.0,0.0,-1,hamilton_36,base_shock,0.05,-1
0,3,0.11744079567185813,0.0880805967538936,0.018401161761136,1.4011886074003264,0.8134309844754558,0.05872039783592906,1.0488662203847519,0.7485546305794974,0.34962207346158397,0.17672341324334873,1.0,0.6274509803921569,0.9607843137254902,1.0,0.49019607843137253,-1,hamilton_32,base_shock,0.05,-1
1,5,0.04468529531894043,0.013964154787168885,0.012733635756826312,1.1911827941135016,0.8715249058446235,0.011171323829735107,0.9677563175187996,0.8124330894478881,0.19355126350375992,0.17672341324334873,1.0,1.0,0.9607843137254902,1.0,0.0,-1,hamilton_32,base_shock,0.05,-1
2,12,0.5696209243305089,0.052580393015123905,0.018319373929710666,9.656634677141549,0.6487330021947206,0.05178372039368263,2.8211835851754445,0.35658323371962897,0.2350986320979537,0.17672341324334873,0.0,1.0,0.0,0.0,0.0,-1,hamilton_32,base_shock,0.05,-1
3,11,0.2549564974838426,0.025967791410391378,0.017835591387825197,5.3193398580056215,0.6780768420168475,0.02549564974838426,2.5148183856833537,0.4727688872705783,0.22861985324394124,0.17672341324334873,0.5882352941176471,1.0,0.0,0.0784313725490196,0.0,-1,hamilton_32,base_shock,0.05,-1
0,10,0.885961337363055,0.1135847868414173,0.05646031198605755,9.81943867739353,0.6059491532070819,0.098440148595895,0.9598253037629783,0.5082016815544809,0.15997088396049639,0.10732783733004089,0.0,1.0,0.42857142857142855,0.8928571428571429,0.0,0,hamilton_04,pre,0.1,19
1,2,0.041963573918993045,0.041963573918993045,0.010319264121338927,0.09424641195932501,0.11038091171388072,0.041963573918993045,0.010319264121338927,0.10949238179796732,0.005159632060669463,0.10732783733004089,1.0,1.0,0.0,0.0,0.0,-1,hamilton_04,pre,0.1,-1
2,4,0.2060697716965888,0.08242790867863552,0.05389692043801762,1.7944236546706724,0.6385032303601796,0.06868992389886293,0.9701445678843172,0.540644103391719,0.2425361419710793,0.10732783733004089,1.0,1.0,0.42857142857142855,0.8928571428571429,0.17857142857142858,-1,hamilton_04,pre,0.1,-1
0,3,0.45783703293425876,0.22891851646712938,0.02667212755357364,2.013642160088544,0.4759077261707173,0.22891851646712938,0.6401310612857674,0.3178971288809425,0.2133770204285891,0.38151566388923175,0.3939393939393939,0.6363636363636364,0.15151515151515152,0.12121212121212122,0.696969696969697,-1,hamilton_09,pre,0.1,-1
1,6,0.27390659392170286,0.06847664848042571,0.022730477398644488,2.143510066300396,0.36082112285041695,0.054781318784340574,0.5000705027701786,0.23329515015214194,0.08334508379502976,0.38151566388923175,0.3939393939393939,0.6363636363636364,0.09090909090909091,0.0,0.0,-1,hamilton_09,pre,0.1,-1
2,6,0.220514968401327,0.0441029936802654,0.02435795071838869,1.9076806276492906,0.4470635147689959,0.0441029936802654,0.5845908172413284,0.30644061105850895,0.09743180287355474,0.38151566388923175,0.3939393939393939,0.696969696969697,0.15151515151515152,0.12121212121212122,0.0,-1,hamilton_09,pre,0.1,-1
0,3,0.1992728722889848,0.0996364361444924,0.01651728830811932,1.5888559153541133,0.6497919089432337,0.0996364361444924,0.991037298487159,0.6237427125456392,0.33034576616238637,0.0861210230916824,1.0,0.39215686274509803,0.0,0.4444444444444444,0.0,-1,hamilton_31,pre,0.1,-1
1,29,0.7303916572526473,0.02966576759149408,0.017460742247584052,27.81644011440871,0.800005354574041,0.02608541633045169,6.635082054081943,0.5614743985353845,0.28848182843834536,0.0861210230916824,0.0,1.0,0.43137254901960786,0.39215686274509803,0.0,-1,hamilton_31,pre,0.1,-1
2,3,0.029127028788627125,0.014563514394313562,0.011385206292470753,0.565559750649653,0.8577358885538361,0.014563514394313562,0.47817866428377165,0.8454962782172749,0.15939288809459054,0.0861210230916824,1.0,1.0,0.9607843137254902,1.0,0.0,-1,hamilton_31,pre,0.1,-1
3,17,0.20570450637590385,0.017841717389746763,0.017223059894729838,9.662832050703646,0.8438286136467706,0.01285653164849399,6.16585544231328,0.6381002391389266,0.3626973789596047,0.0861210230916824,1.0,1.0,0.9607843137254902,0.4444444444444444,0.0,-1,hamilton_31,pre,0.1,-1
0,15,1.412906497345527,0.10924534773290157,0.050988562915543045,29.351767526669793,0.7328615172892552,0.10092189266753764,8.158170066486884,0.4549167543691293,0.5438780044324589,0.1516895323349145,0.0,1.0,0.391304347826087,0.34782608695652173,0.0,-1,hamilton_38,pre,0.1,-1
1,4,0.1622089340642415,0.0540696446880805,0.0211490242066389,1.7697340192088278,0.6579978580277096,0.0540696446880805,1.1208982829518614,0.6333710437758139,0.28022457073796536,0.1516895323349145,1.0,1.0,0.0,0.8695652173913043,0.0,-1,hamilton_38,pre,0.1,-1
2,5,0.2273788541152141,0.08120673361257646,0.030400004026271094,3.5992945967040297,0.7405002953196829,0.05684471352880353,2.4624003261279586,0.6841341435021308,0.49248006522559173,0.1516895323349145,1.0,1.0,0.391304347826087,0.8695652173913043,0.0,-1,hamilton_38,pre,0.1,-1
3,9,0.6768744627774438,0.09518547132807803,0.05485107081649399,12.564296521343284,0.7015578846060813,0.08460930784718047,6.472426356346289,0.5151443493355491,0.7191584840384766,0.1516895323349145,0.6086956521739131,1.0,0.30434782608695654,0.4782608695652174,0.17391304347826086,-1,hamilton_38,pre,0.1,-1
0,3,0.03451014137453068,0.02588260603089801,0.010942815548398831,0.5303002305111464,0.814427903832129,0.01725507068726534,0.4267698063875545,0.8047701694871963,0.14225660212918484,0.029455169701129984,1.0,1.0,0.6904761904761905,1.0,0.0,-1,hamilton_37,pre,0.1,-1
1,28,1.5251078662662607,0.05980815161828473,0.010660608161498025,43.31067492066069,0.44527885636380893,0.05648547652838003,0.6076546652053875,0.4312487202295065,0.07595683315067343,0.029455169701129984,0.0,1.0,0.0,0.0,0.0,-1,hamilton_37,pre,0.1,-1
2,5,0.0960493994610954,0.02401234986527385,0.012453476556589262,0.8787582471163335,0.46258353669245283,0.02401234986527385,0.3985112498108564,0.4534936100100121,0.07970224996217128,0.029455169701129984,1.0,1.0,0.0,0.07142857142857142,0.0,-1,hamilton_37,pre,0.1,-1
0,30,5.0386524177926315,0.1741469729651831,0.04451371097150645,171.01268762707082,0.9043938016809776,0.17374663509629765,19.853115093291866,0.7883023270145729,0.9453864330138984,0.018589337665946934,0.0,1.0,1.0,1.0,0.0,0,hamilton_35,pre,0.1,25
1,2,0.028301259960998942,0.028301259960998942,0.011425990743025518,0.4907901681569675,0.8868891967822689,0.028301259960998942,0.43418764823496964,0.8846706319840235,0.21709382411748482,0.018589337665946934,1.0,1.0,1.0,1.0,0.0,-1,hamilton_35,pre,0.1,-1
2,2,0.1478747774578679,0.1478747774578679,0.009294297296553499,0.38869252788127073,0.2395916153792136,0.1478747774578679,0.09294297296553498,0.23911695311499573,0.04647148648276749,0.018589337665946934,1.0,1.0,0.0,0.0,0.0,-1,hamilton_35,pre,0.1,-1
3,1,0.0,,0.005307403650016042,0.06368884380019252,1.0003247216654307,,0.06368884380019252,1.0,0.06368884380019252,0.018589337665946934,1.0,0.0,1.0,1.0,0.0,-1,hamilton_35,pre,0.1,-1
4,3,0.10705174438620174,0.05352587219310087,0.028663961440243208,3.531518914465845,0.9257231715591293,0.05352587219310087,3.2103636813072396,0.9090603106093851,1.0701212271024132,0.018589337665946934,1.0,1.0,1.0,1.0,0.0,-1,hamilton_35,pre,0.1,-1
5,1,0.0,,0.009206908072508246,0.12889671301511543,1.0006574067453442,,0.12889671301511543,1.0,0.12889671301511543,0.018589337665946934,1.0,0.0,1.0,1.0,0.0,-1,hamilton_35,pre,0.1,-1
6,12,0.25829642211388687,0.028177791503333115,0.04528886483482549,20.58105889160928,0.9489413360529636,0.023481492919444263,17.481501826242635,0.8493975901973485,1.456791818853553,0.018589337665946934,1.0,1.0,1.0,1.0,0.0,-1,hamilton_35,pre,0.1,-1
0,9,0.19593913477544528,0.03040434849963806,0.029651977373381946,4.550738086076911,0.8396450519079178,0.02449239184693066,2.7872858730979044,0.6124909455074267,0.30969843034421163,0.11439047021568244,1.0,1.0,1.0,0.52,0.08,-1,hamilton_36,pre,0.1,-1
1,5,0.07319472181099582,0.022873350565936194,0.012415498471683951,0.8750090463940211,0.6136708412833104,0.018298680452748954,0.5090354373390419,0.581748770983358,0.10180708746780838,0.11439047021568244,1.0,1.0,0.12,0.52,0.0,-1,hamilton_36,pre,0.1,-1
2,10,0.8791216501058203,0.1022234476867233,0.03137634504890003,11.395453140116905,0.7085104776803196,0.09768018334509115,2.6042366390587013,0.47997751746913975,0.26042366390587013,0.11439047021568244,0.0,1.0,0.44999999999999996,0.48,0.06,-1,hamilton_36,pre,0.1,-1
0,6,0.2611099459518618,0.07121180344141687,0.03187136380122288,4.4350824178212305,0.8232478560310372,0.05222198919037237,2.8684227421100585,0.6467574831493648,0.4780704570183431,0.1930175028459467,1.0,0.8157894736842106,0.9824561403508771,0.8070175438596491,0.9122807017543859,-1,hamilton_32,pre,0.1,-1
1,5,0.2125971852533035,0.05314929631332588,0.03159460184480405,2.895472833265153,0.7358739540064574,0.05314929631332588,1.8324869069986354,0.6328800208193234,0.3664973813997271,0.1930175028459467,1.0,0.9684210526315788,0.7578947368421052,0.8070175438596491,0.631578947368421,-1,hamilton_32,pre,0.1,-1
2,6,0.10124461500408764,0.023364141924020223,0.012189793987078826,1.1072492434947578,0.47689679876589963,0.02024892300081753,0.49978155347023184,0.4513722239202397,0.08329692557837197,0.1930175028459467,1.0,1.0,0.0,0.05263157894736842,0.0,-1,hamilton_32,pre,0.1,-1
3,2,0.21720337277155985,0.21720337277155985,0.01908243204772485,1.1022918672134894,0.6400071142007427,0.21720337277155985,0.6678851216703697,0.6059058780490987,0.33394256083518487,0.1930175028459467,1.0,0.21052631578947367,0.3157894736842105,0.8070175438596491,0.5614035087719298,-1,hamilton_32,pre,0.1,-1
4,9,0.6875088067460267,0.08593860084325333,0.03497062709686352,9.999377614272362,0.7378370874819976,0.08593860084325333,3.811798353558124,0.38120356092137664,0.4235331503953471,0.1930175028459467,0.0,0.8070175438596491,0.7578947368421052,0.0,0.9052631578947368,-1,hamilton_32,pre,0.1,-1
5,3,0.1683201221549223,0.08416006107746116,0.019491560279171226,1.1481818556774175,0.5931278004115749,0.08416006107746116,0.6432214892126504,0.560208721320679,0.21440716307088348,0.1930175028459467,1.0,0.8070175438596491,0.15789473684210525,0.6666666666666666,0.0,-1,hamilton_32,pre,0.1,-1
0,6,0.7564644185631338,0.17456871197610782,0.022738310996296984,5.243674152264011,0.22812030106003972,0.15129288371262678,0.7048876408852064,0.13442628592412895,0.11748127348086773,0.38750311767519746,0.0,0.8250000000000001,0.0,0.0,0.0,0,hamilton_04,base_shock,0.1,29
1,3,0.091582815440111,0.0457914077200555,0.026106702870367628,0.5619221778943769,0.5345851535440397,0.0457914077200555,0.2871737315740439,0.5110560552177088,0.09572457719134797,0.38750311767519746,1.0,1.0,0.2,0.625,0.0,-1,hamilton_04,base_shock,0.1,-1
2,7,0.8725595840291859,0.1696643635612306,0.025101615777847225,6.961372024651107,0.2696042272720654,0.14542659733819766,0.8534549364468056,0.14700555944845062,0.12192213377811509,0.38750311767519746,0.0,0.8250000000000001,0.0,0.0,0.0,2,hamilton_04,base_shock,0.1,31
0,5,0.2858892737649789,0.07147231844124473,0.04086821296820429,3.1050431005212715,0.7220048067533471,0.07147231844124473,1.675596731696376,0.5396371893887973,0.3351193463392752,0.10857020697135372,1.0,0.9393939393939394,0.8181818181818181,0.8181818181818181,0.3181818181818182,-1,hamilton_09,base_shock,0.1,-1
1,2,0.07063829522871815,0.07063829522871815,0.03567451614702792,0.8547669133979947,0.8970965063351012,0.07063829522871815,0.7134903229405584,0.8347191635017633,0.3567451614702792,0.10857020697135372,1.0,0.9393939393939394,1.0,1.0,0.3333333333333333,-1,hamilton_09,base_shock,0.1,-1
2,8,0.7820778350869695,0.13034630584782825,0.044183557522880036,8.333249884271117,0.773623728859753,0.11172540501242421,2.076627203575362,0.5244259689923854,0.2966610290821946,0.10857020697135372,0.0,0.9393939393939394,1.0,0.8181818181818181,0.0,-1,hamilton_09,base_shock,0.1,-1
0,17,0.3096483449378662,0.02530779742280637,0.0161397503870519,10.05752772889814,0.6820923456244746,0.019353021558616637,4.793505864954409,0.4766087645158862,0.2819709332326123,0.14501307358322318,0.1875,1.0,0.0,0.0625,0.020833333333333332,-1,hamilton_31,base_shock,0.1,-1
1,8,0.08989160802093324,0.018924549057038578,0.010998792740633118,2.522934873631297,0.773408143666086,0.012841658288704748,1.8038020094638307,0.7149617805502813,0.22547525118297884,0.14501307358322318,1.0,1.0,0.0625,0.8333333333333334,0.0,-1,hamilton_31,base_shock,0.1,-1
2,27,0.5571802367579245,0.02611782359802771,0.015612805352309165,20.80499156746604,0.7348529551312332,0.021430009106074017,5.76112517500208,0.4579422360703766,0.23044500700008322,0.14501307358322318,0.0,1.0,0.03125,0.0625,0.0,-1,hamilton_31,base_shock,0.1,-1
0,11,0.9407446778866543,0.10348191456753197,0.02858281729925108,13.120724734780548,0.27663873601861766,0.09407446778866543,2.7725332780273546,0.21130946148713078,0.2520484798206686,0.32068302215455813,0.18292682926829268,0.9512195121951219,0.0,0.0,0.0,0,hamilton_38,base_shock,0.1,34
1,16,1.9017465306794648,0.1322954108298758,0.040656735387079895,35.71332009119182,0.4143035581329708,0.12678310204529766,5.285375600320386,0.2663090399301127,0.3303359750200241,0.32068302215455813,0.0,0.8414634146341464,0.0,0.0,0.0,1,hamilton_38,base_shock,0.1,35
2,6,0.6516444988527407,0.13032889977054815,0.051203332517823795,6.726050281596753,0.4763663659693522,0.13032889977054815,2.816183288480308,0.4186979238299347,0.4693638814133847,0.32068302215455813,0.5609756097560976,0.8414634146341464,0.0,0.024390243902439025,0.0,2,hamilton_38,base_shock,0.1,36
0,4,0.18062465201896155,0.06020821733965385,0.01919464091212587,1.7014252945942658,0.6151776245727526,0.06020821733965385,0.9789266865184192,0.5753568432470384,0.2447316716296048,0.23565076730153264,0.9555555555555556,0.7111111111111111,0.0,0.3111111111111111,0.0,-1,hamilton_37,base_shock,0.1,-1
1,11,0.3424926353683721,0.03767418989052093,0.024038379968816758,8.118365763407926,0.7754442968589097,0.03424926353683721,4.350946774355836,0.5359387469294554,0.3955406158505305,0.23565076730153264,0.4,1.0,0.37777777777777777,0.3111111111111111,0.3111111111111111,-1,hamilton_37,base_shock,0.1,-1
2,13,0.6452497343131783,0.054469133416047526,0.02256412447718519,11.95337821346658,0.5470174460728859,0.05377081119276486,3.5651316673952587,0.2982530631699422,0.27424089749194297,0.23565076730153264,0.0,0.7111111111111111,0.0,0.0,0.0,-1,hamilton_37,base_shock,0.1,-1
3,9,0.23819989383370027,0.030625700635761463,0.0182136065822055,4.511567900190018,0.6335688193743206,0.029774986729212534,2.3677688556867165,0.5248217267409387,0.26308542840963517,0.23565076730153264,0.8592592592592593,1.0,0.0,0.3111111111111111,0.0,-1,hamilton_37,base_shock,0.1,-1
0,8,0.6410885132826888,0.11149365448394588,0.040431814308657825,12.72988919628918,0.7089556681254467,0.0915840733260984,7.601181090027671,0.5971129027771467,0.9501476362534589,0.2279497133212041,1.0,0.6964285714285714,0.38571428571428573,0.7714285714285715,0.5,-1,hamilton_35,base_shock,0.1,-1
1,3,0.33918868160345755,0.16959434080172878,0.026124404881944313,1.9841690254423123,0.4994383252729951,0.16959434080172878,0.9666029806319395,0.48715757994279935,0.32220099354397985,0.2279497133212041,1.0,0.6964285714285714,0.0,0.21428571428571427,0.0,1,hamilton_35,base_shock,0.1,39
2,12,0.41904763265113437,0.0405529967081743,0.025285262452239346,11.375172467325687,0.6494924772554047,0.038095239331921306,6.346600875512073,0.5579344747292578,0.5288834062926727,0.2279497133212041,1.0,1.0,0.08035714285714285,0.5714285714285714,0.0,-1,hamilton_35,base_shock,0.1,-1
3,17,1.7356224653809245,0.11261672485296075,0.03714472868724238,41.429039820080526,0.5914787894771387,0.10847640408630778,11.923457908604806,0.3036744387032271,0.7013798769767533,0.2279497133212041,0.0,0.6964285714285714,0.0,0.0,0.026785714285714284,3,hamilton_35,base_shock,0.1,40
4,3,0.4179866770332146,0.2089933385166073,0.028792900409218905,3.298255960154186,0.6462250725000552,0.2089933385166073,2.0442959290545417,0.6198111831681419,0.6814319763515139,0.2279497133212041,1.0,0.6964285714285714,0.08035714285714285,0.7714285714285715,0.026785714285714284,4,hamilton_35,base_shock,0.1,41
5,8,0.34176004975920315,0.05257846919372356,0.030264333583779945,9.876463123845692,0.824029684275153,0.04882286425131473,7.14238272577207,0.7231721149778335,0.8927978407215087,0.2279497133212041,1.0,1.0,0.9821428571428571,1.0,0.3214285714285714,-1,hamilton_35,base_shock,0.1,-1
0,11,0.5605023476530754,0.05816533796399839,0.021112779580959612,7.917886529403478,0.5729605911682488,0.05605023476530754,1.7523607052196482,0.3516438674804104,0.15930551865633166,0.18444412305929783,0.0,1.0,0.0,0.0,0.0,-1,hamilton_36,base_shock,0.1,-1
1,5,0.15889162223437708,0.03972290555859427,0.01759516478424937,1.6038356912473564,0.5762940649500906,0.03972290555859427,0.809377580075471,0.50465118371695,0.1618755160150942,0.18444412305929783,0.9069767441860465,1.0,0.0,0.38372093023255816,0.0,-1,hamilton_36,base_shock,0.1,-1
2,8,0.17045973458528177,0.028409955764213627,0.022649727352212552,3.3795036110291714,0.8081938480365877,0.024351390655040252,2.0158257343469184,0.5964857465363181,0.2519782167933648,0.18444412305929783,0.9069767441860465,1.0,0.8837209302325582,0.6046511627906976,0.16279069767441862,-1,hamilton_36,base_shock,0.1,-1
0,19,1.0023339992882212,0.06183229216388377,0.029243634019055127,23.313916553258252,0.8763860183025806,0.055685222182678955,4.269570566782048,0.6932520280513651,0.3557975472318373,0.05171391012962289,0.0,1.0,1.0,1.0,0.0,-1,hamilton_32,base_shock,0.1,-1
1,4,0.044853737228311846,0.01794149489132474,0.015429967134064413,0.8891934370802103,0.8230590863786799,0.014951245742770616,0.7097784881669629,0.7982273131677836,0.17744462204174072,0.05171391012962289,1.0,1.0,1.0,1.0,0.0,-1,hamilton_32,base_shock,0.1,-1
2,3,0.15430294409915477,0.11572720807436607,0.025582922989919717,1.9723012887027274,0.8201813278692641,0.07715147204957738,1.509392456405263,0.7652950718285335,0.5031308188017544,0.05171391012962289,1.0,0.782608695652174,1.0,1.0,0.21739130434782608,-1,hamilton_32,base_shock,0.1,-1
3,5,0.16145929487973681,0.040364823719934204,0.032337214175303094,3.2972619658970226,0.8502876872527374,0.040364823719934204,2.4899654914983373,0.755161560486123,0.4979930982996675,0.05171391012962289,1.0,1.0,1.0,1.0,0.21739130434782608,-1,hamilton_32,base_shock,0.1,-1
0,8,2.0398408674278343,0.33997347790463905,0.18185808430514463,20.683320962746148,0.5420286095188439,0.2914058382039763,4.364594023323471,0.3310086272256339,0.5455742529154338,0.2244565474535067,0.0,1.0,0.0,0.08108108108108109,0.0,0,hamilton_04,pre,0.5,44
1,2,0.1761219186041203,0.1761219186041203,0.048762624684566255,0.44976908657737313,0.21975227478573817,0.1761219186041203,0.09752524936913251,0.21683404280021673,0.048762624684566255,0.2244565474535067,1.0,1.0,0.0,0.0,0.0,-1,hamilton_04,pre,0.5,-1
2,6,1.392883770512937,0.2984750936813437,0.18244455325591824,12.735971901219658,0.5509982464138256,0.2785767541025874,4.378669278142038,0.34380330862089253,0.729778213023673,0.2244565474535067,0.12162162162162163,1.0,0.02702702702702703,0.08108108108108109,0.16216216216216217,-1,hamilton_04,pre,0.5,-1
0,6,0.8173254851795505,0.17514117539561797,0.07324573578222832,6.149130419375185,0.33700320916552273,0.16346509703591008,1.2451775082978813,0.20249651956876275,0.20752958471631355,0.3919445765957614,0.25,0.5,0.0,0.0,0.0,0,hamilton_09,pre,0.5,46
1,7,0.9201099440958495,0.1789102669075263,0.05255219645474287,7.596917930675289,0.300228863072224,0.15335165734930825,1.1561483220043431,0.15218649622842156,0.16516404600062046,0.3919445765957614,0.25,0.5,0.0,0.0,0.0,1,hamilton_09,pre,0.5,47
2,2,0.5365152652609075,0.5365152652609075,0.03455390869388561,1.6604469783178706,0.3965035499300794,0.5365152652609075,0.5874164477960555,0.353770072436244,0.29370822389802775,0.3919445765957614,0.5277777777777778,0.4166666666666667,0.0,0.2222222222222222,0.1388888888888889,-1,hamilton_09,pre,0.5,-1
0,32,3.4279103385651775,0.1140261235281556,0.04206900097443286,124.16486716929059,0.7432717062366764,0.11057775285694121,14.4717363352049,0.6267191204277323,0.723586816760245,0.05950580977101427,0.0,1.0,0.0,0.5490196078431373,0.0,-1,hamilton_31,pre,0.5,-1
1,3,0.5871560261866478,0.2935780130933239,0.04342849576559786,4.06317835413663,0.5825544333720093,0.2935780130933239,2.3017102755766867,0.566480246488163,0.7672367585255623,0.05950580977101427,1.0,0.5882352941176471,0.0,0.411764705882353,0.0,-1,hamilton_31,pre,0.5,-1
2,4,0.2010299667964341,0.08041198671857364,0.027177476751930475,1.646621646495581,0.5174407808401424,0.0670099889321447,0.8425017793098446,0.5116547454012264,0.21062544482746115,0.05950580977101427,1.0,1.0,0.0,0.411764705882353,0.0,-1,hamilton_31,pre,0.5,-1
3,6,0.18430605540753098,0.046076513851882744,0.03944742069952745,8.364161741158235,0.9200475276565273,0.036861211081506196,7.258325408713048,0.8677887436103006,1.2097209014521748,0.05950580977101427,1.0,1.0,1.0,1.0,0.0,-1,hamilton_31,pre,0.5,-1
4,4,0.07782395056229546,0.03891197528114773,0.03505659797428627,4.097408383472099,0.9504731284609464,0.02594131685409849,3.7861125812229166,0.9240261713953458,0.9465281453057292,0.05950580977101427,1.0,1.0,1.0,1.0,0.0,-1,hamilton_31,pre,0.5,-1
5,3,0.22176383440099054,0.11088191720049527,0.046245672255136,4.919893350675483,0.8946664249316777,0.11088191720049527,4.254601847472513,0.8647752185295584,1.418200615824171,0.05950580977101427,1.0,1.0,1.0,1.0,0.0784313725490196,-1,hamilton_31,pre,0.5,-1
0,5,0.37793504559669755,0.13497680199882056,0.05617488596344643,5.0354688419364875,0.656930553944632,0.09448376139917439,3.145793613953,0.6247270537659059,0.6291587227905999,0.10109871619788702,1.0,1.0,0.0,0.7083333333333334,0.0,0,hamilton_38,pre,0.5,50
1,6,0.8297480019262492,0.2074370004815623,0.09548158463355734,14.431164890279673,0.7620832871033814,0.16594960038524983,9.452676878722178,0.6550182851205012,1.5754461464536964,0.10109871619788702,1.0,1.0,0.5208333333333334,0.7083333333333334,0.10416666666666667,-1,hamilton_38,pre,0.5,-1
2,22,3.3303265548542953,0.17038880048091742,0.08683901124615667,83.25367050010252,0.6329578053935094,0.1585869788025855,9.986486293308017,0.513005300797382,0.9078623903007288,0.10109871619788702,0.0,1.0,0.0,0.4375,0.0,2,hamilton_38,pre,0.5,52
0,28,6.7016853624496315,0.254264485296192,0.032496450169516425,188.71957300418373,0.22039104231582757,0.248210568979616,1.072382855594042,0.2147086277229847,0.13404785694925525,0.032657409127505574,0.0,1.0,0.0,0.0,0.0,0,hamilton_37,pre,0.5,53
1,5,0.364643281794352,0.11395102556073501,0.051924408288128575,2.91362898302246,0.379960447631041,0.091160820448588,1.0904125740507,0.37424551320860283,0.21808251481014002,0.032657409127505574,1.0,1.0,0.0,0.0,0.0,1,hamilton_37,pre,0.5,54
2,3,0.25857627625102814,0.12928813812551407,0.04661564997921143,2.080967028171005,0.6340378841215094,0.12928813812551407,1.30523819941792,0.6272267564782681,0.4350793998059734,0.032657409127505574,1.0,1.0,0.0,0.4634146341463415,0.0,2,hamilton_37,pre,0.5,55
0,3,0.19045676519341867,0.09522838259670934,0.0799140217002263,10.720451051508995,0.9666107740257479,0.09522838259670934,10.149080755928738,0.946702774646797,3.3830269186429125,0.007806502079601934,1.0,1.0,1.0,1.0,0.0,-1,hamilton_35,pre,0.5,-1
1,2,0.09965026632714227,0.09965026632714227,0.027643298644949438,0.7798098041982227,0.7455410997285215,0.09965026632714227,0.580509271543938,0.7444241767911606,0.290254635771969,0.007806502079601934,1.0,1.0,0.0,1.0,0.0,-1,hamilton_35,pre,0.5,-1
2,3,0.3380486593774801,0.16902432968874004,0.032651070800016724,1.3406566861326075,0.24417425281761973,0.16902432968874004,0.32651070800016724,0.2435453545844408,0.10883690266672241,0.007806502079601934,1.0,1.0,0.0,0.0,0.0,2,hamilton_35,pre,0.5,57
3,42,11.826150844093283,0.290806987969507,0.0723282304693176,507.18592886996913,0.8072287247922686,0.2884427035144703,10.487593418051055,0.7865507193093131,1.1652881575612284,0.007806502079601934,0.0,1.0,0.0,1.0,0.0,3,hamilton_35,pre,0.5,58
4,1,0.0,,0.028984368406856503,0.49273426291656064,1.0009475169720878,,0.49273426291656064,1.0,0.49273426291656064,0.007806502079601934,1.0,0.0,1.0,1.0,0.0,-1,hamilton_35,pre,0.5,-1
0,2,0.13237732703395844,0.13237732703395844,0.05017845158039104,1.0174314277737824,0.7548382848868675,0.13237732703395844,0.7526767737058656,0.7397813289027053,0.3763383868529328,0.09937896377974031,1.0,1.0,0.8695652173913043,0.9565217391304348,0.0,-1,hamilton_36,pre,0.5,-1
1,11,2.494426367253427,0.25406194481284905,0.09392907595715094,35.234803344231224,0.7155854869368397,0.2494426367253427,7.7961133044435265,0.49432376374008075,0.7087375731312296,0.09937896377974031,0.0,1.0,0.7391304347826086,0.8695652173913043,0.02898550724637681,1,hamilton_36,pre,0.5,60
2,2,0.1447745853862037,0.1447745853862037,0.05363487046619472,0.9868024868329387,0.720518087575183,0.1447745853862037,0.6972533160605314,0.7065783937151481,0.3486266580302657,0.09937896377974031,1.0,1.0,0.7391304347826086,0.9565217391304348,0.0,-1,hamilton_36,pre,0.5,-1
3,9,0.574583311172614,0.09576388519543567,0.09048195576286243,13.767035598025457,0.8552017707604722,0.07182291389657675,8.595785797471928,0.6243744876133525,0.9550873108302143,0.09937896377974031,1.0,1.0,1.0,0.9565217391304348,0.10869565217391304,-1,hamilton_36,pre,0.5,-1
0,6,0.6215120704085411,0.13318115794468738,0.03884492588189366,6.292837530656229,0.4479581960764648,0.12430241408170821,2.5637651082049815,0.40741002698946643,0.42729418470083025,0.19644028252170934,0.98,1.0,0.0,0.07999999999999999,0.0,0,hamilton_32,pre,0.5,61
1,14,3.0504943487265366,0.24829605164053203,0.07639172084353613,50.57526812905572,0.5708981449022286,0.2346534114405028,7.868347246884223,0.41532116947609493,0.5620248033488731,0.19644028252170934,0.0,1.0,0.0,0.07999999999999999,0.0,1,hamilton_32,pre,0.5,62
2,7,0.4476530110933033,0.09216385522509185,0.045393548216683774,4.994706554537157,0.4014648742663725,0.07460883518221721,1.8611354768840347,0.37262158578533344,0.26587649669771923,0.19644028252170934,0.98,1.0,0.0,0.07999999999999999,0.0,-1,hamilton_32,pre,0.5,-1
3,4,0.6629686147159465,0.22098953823864884,0.10882157818564497,7.657667055403454,0.7346144564169442,0.22098953823864884,5.005792596539669,0.6536968191908328,1.2514481491349172,0.19644028252170934,0.98,1.0,0.78,0.86,0.6,-1,hamilton_32,pre,0.5,-1
0,6,1.9321430888085473,0.3864286177617095,0.0568204016339403,13.354290983503432,0.2245061511355833,0.3864286177617095,1.7614324506521493,0.13190011007159036,0.29357207510869154,0.3895552722820661,0.0,0.75,0.0,0.0,0.0,0,hamilton_04,base_shock,0.5,64
1,3,0.3248378924046444,0.1624189462023222,0.05405420553311028,1.731272554677477,0.46180673993085747,0.1624189462023222,0.7567588774635439,0.4371113464595541,0.2522529591545146,0.3895552722820661,1.0,1.0,0.02631578947368421,0.39473684210526316,0.0,1,hamilton_04,base_shock,0.5,65
2,7,2.125533363336679,0.413298153982132,0.07305156772726268,17.28943527835642,0.2992339703941608,0.3542555605561131,2.4107017349996682,0.15980190126131424,0.34438596214280975,0.3895552722820661,0.0,0.75,0.0,0.0,0.0,2,hamilton_04,base_shock,0.5,66
0,6,0.8479000920105682,0.23124547963924585,0.07265715333750233,6.903829385500969,0.5360283143396496,0.16958001840211362,1.8164288334375585,0.2729237774210056,0.3027381389062597,0.2968094736841515,0.16666666666666666,0.3333333333333333,0.041666666666666664,0.0,0.041666666666666664,0,hamilton_09,base_shock,0.5,67
1,4,0.4343093353554689,0.14476977845182296,0.03436424530449878,2.149608285075861,0.22797763876485289,0.14476977845182296,0.4123709436539854,0.19183538997172808,0.10309273591349635,0.2968094736841515,0.5,0.8333333333333334,0.0,0.0,0.0,1,hamilton_09,base_shock,0.5,68
2,5,0.5106273013051068,0.1276568253262767,0.06733444491765851,4.505835409137631,0.6490570177743968,0.1276568253262767,1.9526989026120962,0.43337111219200575,0.3905397805224192,0.2968094736841515,0.5,0.8333333333333334,0.2777777777777778,0.3055555555555556,0.3611111111111111,-1,hamilton_09,base_shock,0.5,-1
0,28,1.298414539082317,0.06268208119707737,0.03378185196750768,46.25368972078461,0.4883271478157709,0.04808942737341914,9.898082626479749,0.274331622567286,0.4124201094366562,0.2519307603457859,0.0,1.0,0.0,0.0,0.0,-1,hamilton_31,base_shock,0.5,-1
1,24,1.0909432490310713,0.05844338834095025,0.03378185196750767,36.08072060322547,0.4883271478157705,0.04743231517526397,9.898082626479743,0.2743316225672858,0.41242010943665597,0.2519307603457859,0.0,1.0,0.0,0.0,0.0,-1,hamilton_31,base_shock,0.5,-1
0,16,3.8942521644422357,0.2781608688887311,0.10063430800466243,73.57907712759797,0.3771165175976581,0.2596168109628157,11.27104249652219,0.22393380674391378,0.7044401560326369,0.35805607698534825,0.0,0.7636363636363637,0.0,0.0,0.0,0,hamilton_38,base_shock,0.5,71
1,6,1.443901028776488,0.3094073633092474,0.09819469849100942,13.37675170022738,0.39499497254730465,0.28878020575529756,4.713345527568453,0.35235351849196206,0.7855575879280755,0.35805607698534825,0.32727272727272727,0.7636363636363637,0.0,0.0,0.0,1,hamilton_38,base_shock,0.5,72
2,11,2.6866329332324805,0.2788015308071442,0.08812277896287,36.95527569843836,0.2854319292535264,0.26866329332324806,7.402313432881084,0.20030464644034268,0.6729375848073713,0.35805607698534825,0.0,0.7636363636363637,0.0,0.0,0.0,2,hamilton_38,base_shock,0.5,73
0,20,1.6905664537361922,0.11122147721948633,0.06230501754047237,41.10101612695912,0.33645004927277417,0.08897718177558907,7.289687052235269,0.177360263544769,0.4288051207197217,0.3307966073540652,0.0,1.0,0.0,0.0,0.0,0,hamilton_37,base_shock,0.5,74
1,17,2.266560384724149,0.14595275204663083,0.062305017540472366,45.8212135925458,0.33645004927277417,0.14166002404525932,7.289687052235269,0.177360263544769,0.4288051207197217,0.3307966073540652,0.0,1.0,0.0,0.0,0.0,1,hamilton_37,base_shock,0.5,75
0,4,0.42150975530899326,0.1405032517696644,0.053893704499332486,5.835854267684574,0.7357587579717801,0.1405032517696644,4.1498152464486004,0.7110895947878211,1.0374538116121501,0.21321859203569335,1.0,0.9807692307692307,0.08076923076923077,1.0,0.0,0,hamilton_35,base_shock,0.5,76
1,22,3.8186959699507073,0.18586573305069815,0.07695689252824203,105.94402570946455,0.5290380932434725,0.18184266523574796,21.93271437054898,0.32201637376779274,0.9969415622976808,0.21321859203569335,0.0,0.9807692307692307,0.0,0.0,0.0,1,hamilton_35,base_shock,0.5,77
2,8,1.1994928218480798,0.19191885149569277,0.09012633951979157,24.647041274589824,0.7114040850516774,0.17135611740686854,15.051098699805191,0.6106655371783838,1.881387337475649,0.21321859203569335,1.0,0.9807692307692307,0.06730769230769232,0.7067307692307693,0.19230769230769232,-1,hamilton_35,base_shock,0.5,-1
3,2,0.33723662401258003,0.33723662401258003,0.05533700796499724,2.5559315188350658,0.7470851958367765,0.33723662401258003,1.8814582708099061,0.7361145073508977,0.9407291354049531,0.21321859203569335,1.0,0.2692307692307693,0.13461538461538464,1.0,0.0,-1,hamilton_35,base_shock,0.5,-1
4,3,0.9192605611351451,0.45963028056757255,0.08479552603851105,5.980011672868855,0.5580048253688399,0.45963028056757255,3.2222299894634197,0.5388333946039916,1.0740766631544731,0.21321859203569335,1.0,0.2692307692307693,0.0,0.40384615384615385,0.0,4,hamilton_35,base_shock,0.5,79
5,9,1.0191670078583552,0.13488975104007642,0.07921039680160412,23.826426479021958,0.7125726211788055,0.1273958759822944,14.653923408296755,0.6150281671990906,1.6282137120329727,0.21321859203569335,1.0,0.9807692307692307,0.06730769230769232,0.7067307692307693,0.0,5,hamilton_35,base_shock,0.5,80
6,3,0.349875298754226,0.174937649377113,0.04484750254170821,5.265291135183251,0.8256277832976021,0.174937649377113,4.215665238920572,0.800651878630421,1.4052217463068573,0.21321859203569335,1.0,0.9807692307692307,0.9615384615384616,1.0,0.0,6,hamilton_35,base_shock,0.5,81
0,11,1.2625917117028798,0.13354335412241997,0.08673498521584168,22.388537379884156,0.8206137730258525,0.12625917117028798,8.500028551152484,0.44095393161121565,0.7727298682865894,0.1252281097291449,0.0,0.9761904761904762,0.47619047619047616,0.07142857142857142,0.07142857142857142,-1,hamilton_36,base_shock,0.5,-1
1,4,0.34740840725152594,0.11580280241717532,0.03926848907911348,2.4106143450630544,0.44954483161707987,0.11580280241717532,1.0209807160569508,0.42353548511313,0.2552451790142377,0.1252281097291449,0.9761904761904762,0.9761904761904762,0.0,0.07142857142857142,0.0,-1,hamilton_36,base_shock,0.5,-1
2,9,0.9929545587218951,0.1354028943711675,0.08435371777460872,16.865840499310277,0.7898753711317121,0.12411931984023689,7.929249470813222,0.47013663334107103,0.8810277189792468,0.1252281097291449,0.17857142857142855,0.9761904761904762,0.47619047619047616,0.07142857142857142,0.16666666666666666,-1,hamilton_36,base_shock,0.5,-1
0,3,0.43091135743483105,0.21545567871741553,0.03769927322736662,3.0269006407633574,0.6175744578226021,0.21545567871741553,1.7341665684588645,0.5729182336231304,0.5780555228196215,0.18565068973696774,1.0,0.32653061224489793,0.0,0.40816326530612246,0.08163265306122448,-1,hamilton_32,base_shock,0.5,-1
1,13,0.9174969803272343,0.0877019172371621,0.0537768510627875,18.86467453135363,0.6694070521611841,0.07645808169393618,6.937213787099585,0.36773567312649563,0.5336318297768912,0.18565068973696774,0.0,0.9387755102040817,0.0,0.04081632653061224,0.08163265306122448,-1,hamilton_32,base_shock,0.5,-1
2,3,0.14994826454094842,0.11246119840571131,0.030826210239472438,1.713719413441215,0.7689850861052258,0.07497413227047421,1.2638746198183695,0.7375038234995892,0.4212915399394565,0.18565068973696774,1.0,0.9387755102040817,0.7959183673469388,0.9387755102040817,0.0,2,hamilton_32,base_shock,0.5,84
3,12,0.9044158162691973,0.09044158162691973,0.05442882151211121,18.255309520877493,0.7190758536191174,0.08221961966083612,7.402319725647123,0.40548859043893715,0.6168599771372603,0.18565068973696774,0.04081632653061224,0.9387755102040817,0.24489795918367346,0.04081632653061224,0.08163265306122448,-1,hamilton_32,base_shock,0.5,-1
0,6,1.7521148016283827,0.3754531717775106,0.22379762807714906,15.883831883621873,0.5425937829013429,0.35042296032567655,5.371143073851576,0.33815159422518604,0.895190512308596,0.2272768742254201,0.36363636363636365,1.0,0.09090909090909091,0.09090909090909091,0.15151515151515152,-1,hamilton_04,pre,1.0,-1
1,2,0.19420515250420736,0.19420515250420736,0.07323471296691246,0.5348797309422396,0.2773552983854492,0.19420515250420736,0.14646942593382492,0.2738361868298984,0.07323471296691246,0.2272768742254201,1.0,1.0,0.0,0.09090909090909091,0.0,-1,hamilton_04,pre,1.0,-1
2,8,2.548108045616336,0.40769728729861376,0.22301838550545783,25.73730561706168,0.5339607423711594,0.364015435088048,5.352441252130988,0.32599642272680757,0.6690551565163735,0.2272768742254201,0.09090909090909091,1.0,0.0,0.09090909090909091,0.09090909090909091,-1,hamilton_04,pre,1.0,-1
0,6,1.1900251900039167,0.25500539785798215,0.10129444600730142,8.862156722147624,0.3462509934614402,0.23800503800078332,1.7220055821241242,0.1943099897816769,0.2870009303540207,0.3839739415562718,0.041666666666666664,0.6666666666666666,0.0,0.0,0.0,0,hamilton_09,pre,1.0,86
1,7,1.200312917164204,0.2333941783374841,0.10367683195652734,9.85366606754081,0.2876524984837617,0.20005215286070066,1.4514756473913828,0.1473031090603651,0.20735366391305468,0.3839739415562718,0.041666666666666664,0.6666666666666666,0.0,0.0,0.0,1,hamilton_09,pre,1.0,87
2,2,0.5086194098567519,0.5086194098567519,0.04204346121529812,1.479716893081783,0.3372555101893734,0.5086194098567519,0.4624780733682793,0.31254497095392586,0.23123903668413964,0.3839739415562718,0.7222222222222222,0.16666666666666666,0.0,0.027777777777777776,0.0,-1,hamilton_09,pre,1.0,-1
0,34,4.627272570716083,0.1518602967223425,0.0865128981907652,185.18442062177317,0.8149261365497757,0.1402203809307904,27.857153217426394,0.6644968881070962,1.5476196231903552,0.05159637939341408,0.0,1.0,0.2836879432624113,0.5957446808510638,0.0,0,hamilton_31,pre,1.0,89
1,2,0.4119141256382296,0.4119141256382296,0.0703389376230523,2.230607003737505,0.6369266199696586,0.4119141256382296,1.4067787524610458,0.6306708219349757,0.7033893762305229,0.05159637939341408,1.0,0.0,0.0,0.5957446808510638,0.0,-1,hamilton_31,pre,1.0,-1
2,5,0.320679082230686,0.08907752284185722,0.04933562364366948,3.7741628514748866,0.5848851753880966,0.0801697705576715,2.1707674403214576,0.5751652818778485,0.43415348806429155,0.05159637939341408,1.0,1.0,0.0,0.5957446808510638,0.0,-1,hamilton_31,pre,1.0,-1
3,11,0.7935634860161159,0.10391902793068185,0.08714168067813811,35.91740271775637,0.8991704166475298,0.0793563486016116,27.18820437157907,0.7569646554130743,2.4716549428708245,0.05159637939341408,1.0,1.0,1.0,0.8936170212765957,0.14893617021276595,-1,hamilton_31,pre,1.0,-1
0,23,4.394211634243153,0.22969742633543755,0.10596992599554682,111.23998048316503,0.5677917918097035,0.19973689246559787,10.17311289557249,0.4763398439454004,1.0173112895572491,0.10858351885422134,0.0,1.0,0.0,0.12244897959183673,0.0,0,hamilton_38,pre,1.0,91
1,2,0.29015464684592934,0.29015464684592934,0.07988844714593642,1.379193765151223,0.5853284399511521,0.29015464684592934,0.7988844714593641,0.5792401993433967,0.39944223572968207,0.10858351885422134,1.0,1.0,0.0,0.30612244897959184,0.0,-1,hamilton_38,pre,1.0,-1
2,8,1.1372404987639995,0.1684800738909629,0.10879720277245701,19.977644267357697,0.6412010416709067,0.16246292839485707,10.879720277245697,0.5445947545988955,1.3599650346557122,0.10858351885422134,1.0,1.0,0.0,0.30612244897959184,0.0,2,hamilton_38,pre,1.0,93
0,3,0.5058476880298007,0.25292384401490037,0.06344519839391406,3.4208990159068238,0.5629721454105594,0.25292384401490037,1.9033559518174212,0.5563905695453196,0.6344519839391404,0.03582303922296128,1.0,1.0,0.0,0.2727272727272727,0.0,0,hamilton_37,pre,1.0,94
1,28,10.103488878363576,0.38333020134712753,0.04646247622028829,284.5238752618903,0.20668801374842213,0.37420329179124356,1.6261866677100902,0.20097254728286362,0.20327333346376128,0.03582303922296128,0.0,1.0,0.0,0.0,0.0,1,hamilton_37,pre,1.0,95
2,5,0.5675464117012586,0.17735825365664332,0.07331820055266038,4.670687072322802,0.39880363076734265,0.14188660292531466,1.8329550138165094,0.3924379829850073,0.36659100276330187,0.03582303922296128,1.0,1.0,0.0,0.0,0.0,2,hamilton_37,pre,1.0,96
0,38,16.90819954102948,0.4582821558909559,0.1064183928123014,670.3932014759432,0.8522083998436213,0.4569783659737697,27.881618916822973,0.8106184510561955,2.1447399166786902,0.010678066421129409,0.0,0.8,0.0,1.0,0.0,0,hamilton_35,pre,1.0,97
1,3,0.11433164865345376,0.05716582432672688,0.03563734911020729,1.2339286737155435,0.7232964998805849,0.05716582432672688,0.890933727755182,0.7220301681396604,0.29697790925172735,0.010678066421129409,1.0,1.0,0.0,1.0,0.0,-1,hamilton_35,pre,1.0,-1
2,1,0.0,,0.05543557585572553,0.22174230342290213,1.0003147214095816,,0.22174230342290213,1.0,0.22174230342290213,0.010678066421129409,1.0,0.0,1.0,1.0,0.0,-1,hamilton_35,pre,1.0,-1
3,2,0.5743227448860879,0.5743227448860879,0.08086708943668587,1.714715115828977,0.3309297260889305,0.5743227448860879,0.5660696260568011,0.3301245908613428,0.28303481302840056,0.010678066421129409,1.0,0.15000000000000002,0.0,0.0,0.0,-1,hamilton_35,pre,1.0,-1
4,4,0.31591044272468943,0.10530348090822982,0.09527207419874309,16.98353401369137,0.9484512175991643,0.10530348090822982,15.719892242792607,0.9255960644068502,3.9299730606981518,0.010678066421129409,1.0,1.0,1.0,1.0,0.0,4,hamilton_35,pre,1.0,99
5,3,0.21288411412336194,0.10644205706168097,0.11059282651733698,14.241570004002536,0.9748545165627428,0.10644205706168097,13.602917661632452,0.9551557628695014,4.5343058872108175,0.010678066421129409,1.0,1.0,1.0,1.0,0.0,5,hamilton_35,pre,1.0,100
0,7,0.897282818605926,0.15702449325603704,0.13549449407562886,17.120539256291792,0.8456409963834994,0.149547136434321,10.83955952605031,0.6331318986968694,1.548508503721473,0.09882275092266952,1.0,1.0,1.0,1.0,0.4,-1,hamilton_36,pre,1.0,-1
1,2,0.21990396877989987,0.21990396877989987,0.07603342835421369,1.3522090778103641,0.6884122108791568,0.21990396877989987,0.9124011402505642,0.674748569006812,0.4562005701252821,0.09882275092266952,1.0,1.0,0.37037037037037035,1.0,0.0,-1,hamilton_36,pre,1.0,-1
2,11,3.2451887994508186,0.33052848883295377,0.13138711508636572,46.47082023104099,0.7293053196132372,0.3245188799450819,10.773743437081988,0.4974664283796049,0.979431221552908,0.09882275092266952,0.0,1.0,0.37037037037037035,0.7777777777777778,0.02777777777777778,2,hamilton_36,pre,1.0,102
3,2,0.2087726661436136,0.2087726661436136,0.07103523047986593,1.4120385590053504,0.7192024491190171,0.2087726661436136,0.9944932267181231,0.7042960834006197,0.49724661335906156,0.09882275092266952,1.0,1.0,0.37037037037037035,1.0,0.0,-1,hamilton_36,pre,1.0,-1
4,2,0.0,,0.06817077896942934,1.772440253205163,1.0267112355688197,0.0,1.772440253205163,1.0,0.8862201266025815,0.09882275092266952,1.0,0.0,1.0,1.0,0.02777777777777778,-1,hamilton_36,pre,1.0,-1
0,12,4.372161769471682,0.4098901658879702,0.10545807646997729,62.69537465124799,0.511185853208746,0.39746925177015296,10.2294334175878,0.34802495857352783,0.8524527847989832,0.23347956970155936,0.0,1.0,0.0,0.049019607843137254,0.0,0,hamilton_32,pre,1.0,103
1,4,0.21841569122107135,0.08736627648842854,0.042564452980903215,2.491111978158608,0.6673405170358075,0.07280523040702379,1.6174492132743217,0.6492880398214437,0.4043623033185804,0.23347956970155936,1.0,1.0,0.29411764705882354,0.7254901960784313,0.0,-1,hamilton_32,pre,1.0,-1
2,6,0.9270432281774837,0.18540864563549675,0.06894996045171241,8.527107668488535,0.38317803908228204,0.18540864563549675,2.9648482994236343,0.3476968292988806,0.49414138323727236,0.23347956970155936,1.0,1.0,0.0,0.049019607843137254,0.0,2,hamilton_32,pre,1.0,105
3,4,0.9421943800322603,0.31406479334408677,0.06582523242467303,7.060039141362692,0.5048896863753802,0.31406479334408677,3.291261621233652,0.4661817810543172,0.822815405308413,0.23347956970155936,1.0,1.0,0.0,0.19607843137254902,0.0,3,hamilton_32,pre,1.0,106
4,5,0.860536451592074,0.2151341128980185,0.14023749027826596,11.314556771873667,0.7065304896356607,0.2151341128980185,7.011874513913298,0.6197215370684067,1.4023749027826597,0.23347956970155936,1.0,1.0,0.43137254901960786,0.7254901960784313,0.13725490196078433,-1,hamilton_32,pre,1.0,-1
0,3,0.23315483673410864,0.11657741836705432,0.04791896654997307,1.2265731422520294,0.4445857806075459,0.11657741836705432,0.5271086320497036,0.4297408885718095,0.1757028773499012,0.37721763016487253,0.9736842105263158,0.9736842105263158,0.02631578947368421,0.3684210526315789,0.0,0,hamilton_04,base_shock,1.0,107
1,7,2.530725289345212,0.4920854729282357,0.07261701633957135,20.329289613641052,0.28794775734723704,0.421787548224202,2.614212588224569,0.15935435158108474,0.3734589411749384,0.37721763016487253,0.0,0.868421052631579,0.0,0.0,0.0,1,hamilton_04,base_shock,1.0,108
2,6,2.1675718958178525,0.4335143791635705,0.06584919428474191,15.178454786303602,0.24397392327592657,0.4335143791635705,2.1730234113964837,0.14316499551438716,0.3621705685660806,0.37721763016487253,0.039473684210526314,0.868421052631579,0.0,0.0,0.0,2,hamilton_04,base_shock,1.0,109
0,6,0.8811767079585806,0.1762353415917161,0.08977731470002083,8.519043576952232,0.6325554663333763,0.1762353415917161,3.231983329200749,0.37938335448179755,0.5386638882001248,0.1764081708659681,0.04878048780487805,0.8292682926829268,0.0,0.0,0.024390243902439025,-1,hamilton_09,base_shock,1.0,-1
1,9,1.0593299846605455,0.1643787907231881,0.08977731470002083,12.765953191145657,0.6325554663333764,0.1324162480825682,3.2319833292007494,0.3793833544817976,0.5386638882001249,0.1764081708659681,0.04878048780487805,0.8292682926829268,0.0,0.0,0.024390243902439025,-1,hamilton_09,base_shock,1.0,-1
0,14,1.726545908998659,0.14053280654640246,0.05221695000270893,34.145080176498624,0.4463931004428364,0.1328112237691276,9.973437450517403,0.2920900287527197,0.7123883893226717,0.3384620190455949,0.0,0.8490566037735849,0.0,0.0,0.0,0,hamilton_31,base_shock,1.0,111
1,17,0.7639473698198492,0.06243800618719922,0.04518918884329593,26.950564639515882,0.7125100085682289,0.04774671061374058,13.96345935257844,0.5181137961059531,0.8213799619163789,0.3384620190455949,0.32075471698113206,1.0,0.03773584905660377,0.1320754716981132,0.018867924528301886,-1,hamilton_31,base_shock,1.0,-1
2,21,1.4193940766472546,0.08565309083216191,0.03681092665176205,37.68481391306942,0.3379752783063218,0.07096970383236273,7.877538303477079,0.2090374738654363,0.37512087159414664,0.3384620190455949,0.0,1.0,0.0,0.0,0.0,-1,hamilton_31,base_shock,1.0,-1
0,11,3.545908843896167,0.3679716724797909,0.1143936287374688,49.30042386923003,0.29589594486290893,0.35459088438961667,10.295426586372194,0.20883038680723998,0.9359478714883813,0.3225373708695795,0.0,0.7674418604651163,0.0,0.0,0.0,0,hamilton_38,base_shock,1.0,113
1,17,5.091335473496592,0.34075867342300026,0.1409794769049915,103.18828132423104,0.4196876331048584,0.318208467093537,16.635578274789,0.2584718626578457,1.0397236421743126,0.3225373708695795,0.0,0.7674418604651163,0.0,0.0,0.0,1,hamilton_38,base_shock,1.0,114
2,5,1.5787447452988324,0.3946861863247081,0.1706458576468216,15.060849747660669,0.522878960053727,0.3946861863247081,7.167126021166506,0.4758779312754078,1.4334252042333013,0.3225373708695795,0.7906976744186046,0.7674418604651163,0.0,0.06976744186046512,0.0,2,hamilton_38,base_shock,1.0,115
0,17,3.3268271397092555,0.21422750520855055,0.08085969830759775,64.64203120581712,0.2657090426256,0.20792669623182847,8.085969830759776,0.1406206182687843,0.47564528416233975,0.3658909195932086,0.0,1.0,0.0,0.0,0.0,0,hamilton_37,base_shock,1.0,116
1,20,2.4708025890532426,0.15737596108619378,0.08085969830759776,57.502021611824624,0.2657090426256,0.13004224152911803,8.085969830759774,0.14062061826878428,0.47564528416233964,0.3658909195932086,0.0,1.0,0.0,0.0,0.0,1,hamilton_37,base_shock,1.0,117
0,9,1.2335993248151904,0.16327049887259873,0.09351944146977319,32.05074881256591,0.7647567134331421,0.1541999156018988,20.94835488922919,0.653599546510942,2.327594987692132,0.19020560033949357,1.0,0.9791666666666666,0.125,0.875,0.10416666666666667,-1,hamilton_35,base_shock,1.0,-1
1,18,4.242730389088885,0.25627230538120777,0.10630276210238176,114.53183859835497,0.6933129288971227,0.2495723758287579,38.16269159475506,0.36010696571874756,2.120149533041948,0.19020560033949357,0.0,0.8125,0.0,0.0,0.0625,-1,hamilton_35,base_shock,1.0,-1
2,12,1.8860765311964645,0.17681967479966854,0.10578205589738633,50.87672729895972,0.7216433761183126,0.17146150283604222,28.243808924602117,0.5551420152997856,2.3536507437168432,0.19020560033949357,0.4375,0.9791666666666666,0.0,0.20833333333333334,0.10416666666666667,-1,hamilton_35,base_shock,1.0,-1
3,4,0.5806286917656044,0.23225147670624174,0.07404032479379825,8.393821400153874,0.7519294721895647,0.19354289725520146,6.071306633091456,0.7233066256306285,1.517826658272864,0.19020560033949357,1.0,0.8333333333333334,0.024999999999999998,0.9375,0.0,3,hamilton_35,base_shock,1.0,119
4,4,1.1067635684933528,0.36892118949778424,0.10023661053887832,8.737228527145177,0.5136644132793182,0.36892118949778424,4.310174253171768,0.49331137897798405,1.077543563292942,0.19020560033949357,1.0,0.0,0.0,0.0625,0.0,4,hamilton_35,base_shock,1.0,120
5,4,0.44932443035501873,0.14977481011833957,0.06338714714981956,5.917462286158346,0.7154723513444777,0.14977481011833957,4.12016456473827,0.6962722135763888,1.0300411411845676,0.19020560033949357,1.0,0.9791666666666666,0.0,0.9375,0.0,5,hamilton_35,base_shock,1.0,121
0,14,1.939859286779614,0.15789552334252674,0.05398566482239865,30.937026552482497,0.5420598728834901,0.1492199451368934,3.778996537567906,0.4199086205271235,0.3778996537567906,0.15982995614594084,0.0,0.9714285714285714,0.0,0.21428571428571427,0.0,0,hamilton_36,base_shock,1.0,122
1,5,0.46046748568903545,0.11511687142225886,0.040211417555078635,3.99121696575848,0.4701336260302286,0.11511687142225886,1.6888795373133036,0.4231490174056107,0.33777590746266073,0.15982995614594084,0.9428571428571428,0.9714285714285714,0.0,0.21428571428571427,0.0,1,hamilton_36,base_shock,1.0,123
2,5,0.38302761530415197,0.10639655980670887,0.05948488075400531,5.008351875729037,0.7061702172561795,0.09575690382603799,3.0932137992082764,0.6176111175810736,0.6186427598416553,0.15982995614594084,0.9428571428571428,0.9714285714285714,0.22857142857142856,0.8,0.05714285714285714,-1,hamilton_36,base_shock,1.0,-1
0,9,0.8529634237659786,0.13235639334299668,0.0504302895279907,11.105930501797175,0.44705031315298155,0.10662042797074732,3.4292596879033685,0.3087773408404133,0.3810288542114854,0.32179373631597774,0.0,0.9137931034482759,0.0,0.0,0.06896551724137931,-1,hamilton_32,base_shock,1.0,-1
1,11,0.7389975271351518,0.09032191998318521,0.05227751700751274,12.781671812155304,0.5652119209008949,0.07389975271351518,4.652699013668636,0.3640133373823558,0.42297263760623965,0.32179373631597774,0.034482758620689655,0.9137931034482759,0.0,0.034482758620689655,0.06896551724137931,-1,hamilton_32,base_shock,1.0,-1
2,3,0.595046028952399,0.2975230144761995,0.05028568773806016,3.2937087189990013,0.504272707159147,0.2975230144761995,1.5085706321418046,0.4580157994664075,0.5028568773806016,0.32179373631597774,0.09195402298850575,0.6206896551724138,0.0,0.06896551724137931,0.1839080459770115,-1,hamilton_32,base_shock,1.0,-1
3,8,0.5463828046972172,0.08405889303034111,0.05246033414029346,8.725270171222093,0.6592253774692954,0.07805468638531675,4.354207733644356,0.4990341442956705,0.5442759667055445,0.32179373631597774,0.20689655172413793,0.9137931034482759,0.1724137931034483,0.1206896551724138,0.22413793103448276,-1,hamilton_32,base_shock,1.0,-1
